pubName,pubID,pubStreet,pubTown,pubPostCode
"The Wheatsheaf, Epsom",35696,34  Kingston Road,Ewell,KT17 2AA