pubName,pubID,pubStreet,pubTown,pubPostCode
"The Old Black Horse, Ilkeston",7426,Main Street,Mapperley,DE7 6BY