pubName,pubID,pubStreet,pubTown,pubPostCode
"Ye Grapes, W1",22167,16  Shepherd Market,W1,W1J 7QQ