pubName,pubID,pubStreet,pubTown,pubPostCode
"Ye Old Vaults, Ashbourne Town Centre, Ashbourne",6657,Market Place,Ashbourne,DE6 1EU