pubName,pubID,pubStreet,pubTown,pubPostCode
"The Sheaf Inn, Northampton",87002,7 West End,West Haddon,NN6 7AY