pubName,pubID,pubStreet,pubTown,pubPostCode
"Toby Carvery Barons Court, Cogan, Penarth",83641,Penarth Road,Penarth,CF64 1ND