pubName,pubID,pubStreet,pubTown,pubPostCode
"Heaton Hops, Stockport",83376,7 School Lane,Heaton Chapel,SK4 5DE