pubName,pubID,pubStreet,pubTown,pubPostCode
"Toby Carvery Highnam, Over, Gloucester",80991,Over Causeway,Gloucester,GL2 8DE